"","G1","G2","G3"
"1",5,6,6
"2",5,5,6
"3",7,8,10
"4",15,14,15
"5",6,10,10
"6",15,15,15
"7",12,12,11
"8",6,5,6
"9",16,18,19
"10",14,15,15
"11",10,8,9
"12",10,12,12
"13",14,14,14
"14",10,10,11
"15",14,16,16
"16",14,14,14
"17",13,14,14
"18",8,10,10
"19",6,5,5
"20",8,10,10
"21",13,14,15
"22",12,15,15
"23",15,15,16
"24",13,13,12
"25",10,9,8
"26",6,9,8
"27",12,12,11
"28",15,16,15
"29",11,11,11
"30",10,12,11
"31",9,11,12
"32",17,16,17
"33",17,16,16
"34",8,10,12
"35",12,14,15
"36",8,7,6
"37",15,16,18
"38",15,16,15
"39",12,12,11
"40",14,13,13
"41",7,10,11
"42",12,12,12
"43",19,18,18
"44",8,8,11
"45",10,10,9
"46",8,8,6
"47",11,12,11
"48",19,19,20
"49",15,15,14
"50",7,7,7
"51",12,13,13
"52",11,13,13
"53",11,11,10
"54",8,10,11
"55",10,13,13
"56",8,9,10
"57",14,15,15
"58",14,15,15
"59",9,10,9
"60",15,16,16
"61",10,11,11
"62",10,8,11
"63",8,10,9
"64",10,9,9
"65",10,10,10
"66",16,15,15
"67",13,13,12
"68",7,7,6
"69",8,9,8
"70",16,16,16
"71",13,15,15
"72",10,10,10
"73",8,6,5
"74",12,12,14
"75",11,12,11
"76",9,9,10
"77",11,11,10
"78",11,11,11
"79",8,8,10
"80",8,8,10
"81",5,5,5
"82",10,12,12
"83",11,10,11
"84",7,6,6
"85",15,15,15
"86",9,10,10
"87",7,9,8
"88",8,7,6
"89",13,14,14
"90",11,10,10
"91",8,6,7
"92",7,7,8
"93",16,17,18
"94",7,6,6
"95",11,10,10
"96",11,13,14
"97",7,10,10
"98",11,15,15
"99",8,9,10
"100",11,14,14
"101",7,9,8
"102",7,7,5
"103",16,17,17
"104",10,13,14
"105",7,6,6
"106",16,18,18
"107",10,11,11
"108",7,8,8
"109",16,18,18
"110",16,18,18
"111",10,13,13
"112",14,15,16
"113",18,19,19
"114",7,10,10
"115",10,13,13
"116",18,19,19
"117",9,9,9
"118",15,15,16
"119",15,15,16
"120",11,13,14
"121",13,14,13
"122",9,7,8
"123",14,13,13
"124",16,15,15
"125",16,14,15
"126",13,13,13
"127",14,11,13
"128",8,7,8
"129",13,13,12
"130",7,10,11
"131",7,8,9
"132",18,18,18
"133",12,0,0
"134",8,0,0
"135",10,13,12
"136",12,11,11
"137",9,0,0
"138",11,0,0
"139",10,0,0
"140",4,0,0
"141",14,12,12
"142",16,16,15
"143",7,9,0
"144",9,9,9
"145",9,11,11
"146",14,14,13
"147",5,0,0
"148",5,0,0
"149",8,11,11
"150",6,7,0
"151",10,11,11
"152",7,6,0
"153",7,6,0
"154",8,9,10
"155",6,5,0
"156",12,13,14
"157",10,10,10
"158",5,0,0
"159",11,11,12
"160",11,8,8
"161",16,12,13
"162",9,8,10
"163",17,15,15
"164",10,12,12
"165",7,6,0
"166",5,8,7
"167",10,10,10
"168",14,15,16
"169",6,7,0
"170",14,14,14
"171",6,5,0
"172",13,15,16
"173",13,11,10
"174",8,7,0
"175",10,11,9
"176",10,9,9
"177",13,13,11
"178",6,5,6
"179",10,8,9
"180",10,10,11
"181",9,8,8
"182",12,13,12
"183",12,13,12
"184",16,17,17
"185",9,9,8
"186",12,13,12
"187",12,12,11
"188",11,12,11
"189",15,15,15
"190",8,7,9
"191",8,9,10
"192",11,12,13
"193",8,8,9
"194",7,8,8
"195",8,9,10
"196",13,14,14
"197",14,15,15
"198",17,15,16
"199",9,9,10
"200",18,18,18
"201",9,9,10
"202",16,16,16
"203",8,10,10
"204",9,9,10
"205",7,6,6
"206",10,10,11
"207",10,9,9
"208",7,7,7
"209",11,12,13
"210",9,9,10
"211",7,7,7
"212",8,8,8
"213",12,12,13
"214",12,13,14
"215",6,7,8
"216",8,10,10
"217",14,15,15
"218",6,6,4
"219",6,6,8
"220",7,7,8
"221",9,10,10
"222",6,6,6
"223",6,5,0
"224",16,16,17
"225",12,13,13
"226",13,13,14
"227",9,8,7
"228",16,15,15
"229",12,11,12
"230",10,8,9
"231",12,10,12
"232",13,13,14
"233",11,11,11
"234",11,9,9
"235",14,13,13
"236",9,7,6
"237",11,9,10
"238",14,13,13
"239",13,12,12
"240",13,11,11
"241",7,7,0
"242",12,12,12
"243",10,11,12
"244",6,0,0
"245",13,12,12
"246",13,12,12
"247",7,0,0
"248",18,18,18
"249",12,12,13
"250",6,8,8
"251",3,5,5
"252",13,15,15
"253",6,8,8
"254",7,10,10
"255",6,9,8
"256",8,9,8
"257",8,12,12
"258",7,9,8
"259",14,12,13
"260",11,11,11
"261",15,14,14
"262",10,9,0
"263",17,18,18
"264",8,8,8
"265",13,12,12
"266",10,9,9
"267",9,10,0
"268",17,17,17
"269",9,9,10
"270",12,10,11
"271",10,9,10
"272",6,0,0
"273",9,9,9
"274",15,14,14
"275",11,11,11
"276",15,14,14
"277",10,10,10
"278",12,12,12
"279",10,9,9
"280",9,9,9
"281",9,9,9
"282",9,8,8
"283",10,11,10
"284",8,8,8
"285",11,9,10
"286",12,12,12
"287",8,9,10
"288",8,9,10
"289",10,9,11
"290",12,10,11
"291",18,18,19
"292",13,12,12
"293",15,14,14
"294",15,13,15
"295",12,11,11
"296",15,15,15
"297",18,18,18
"298",14,13,14
"299",14,12,11
"300",10,9,0
"301",10,8,8
"302",14,13,14
"303",16,15,16
"304",12,10,11
"305",11,11,10
"306",15,12,14
"307",17,17,18
"308",17,18,18
"309",15,12,12
"310",8,8,0
"311",9,10,9
"312",11,11,10
"313",11,11,11
"314",13,13,13
"315",11,9,9
"316",11,11,11
"317",12,14,15
"318",16,15,15
"319",9,12,11
"320",14,15,16
"321",11,10,10
"322",10,9,9
"323",10,9,9
"324",14,14,14
"325",9,8,8
"326",12,14,14
"327",7,0,0
"328",8,8,0
"329",10,9,0
"330",16,15,15
"331",7,8,0
"332",16,15,17
"333",9,10,10
"334",10,10,0
"335",10,10,0
"336",16,15,15
"337",9,8,0
"338",11,10,10
"339",13,13,14
"340",16,15,16
"341",10,10,9
"342",13,15,15
"343",11,13,13
"344",8,7,8
"345",13,13,13
"346",8,7,8
"347",8,8,8
"348",13,11,11
"349",10,9,9
"350",12,13,13
"351",12,12,11
"352",10,10,10
"353",18,16,16
"354",11,11,10
"355",16,15,15
"356",12,11,12
"357",10,10,10
"358",13,13,13
"359",7,6,0
"360",11,10,10
"361",14,12,11
"362",14,12,12
"363",13,11,11
"364",6,5,5
"365",19,18,19
"366",8,8,10
"367",8,9,10
"368",15,15,15
"369",10,10,10
"370",15,14,14
"371",7,6,7
"372",11,11,10
"373",6,5,0
"374",6,5,5
"375",10,9,10
"376",6,5,6
"377",7,5,0
"378",7,9,8
"379",6,5,0
"380",6,5,0
"381",14,16,16
"382",11,12,10
